2458406.65625972 -20090.508829773702
2458426.50476628 -20101.5504960809
2458431.70319699 -20098.2838914492
2458398.57057427 -20098.3305001384
2458408.51915712 -20103.357633973497
2458427.69315799 -20101.9863476998
2458396.64350135 -20102.4635114919
2458396.75606486 -20102.8751862429
2458424.50729671 -20090.9529061692
2458424.75933997 -20092.232496546898
2458393.70949765 -20073.4787461232
2458397.70990302 -20102.6761978926
2458407.61805407 -20096.2899617499
2458394.52031297 -20090.9061216517
2458406.55408988 -20089.014527804502
2458399.51305761 -20095.1658514628
2458401.64288133 -20097.4943574159
2458407.5378274 -20100.0746299771
2458394.64089708 -20093.9011485657
2458404.6187177 -20100.4559019548
2458398.67084661 -20096.799866047502
2458418.54447409 -20091.6340150881
2458397.50071282 -20106.5924407747
2458408.66819901 -20100.517861417

